# angles | wait | zero
[60.00, 60.00, 60.00, 60.00, 60.00, 60.00, 60.00, 60.00] | 2 | 180
[43.03, 78.29, 43.03, 48.98, 83.96, 85.35, 83.96, 48.98] | 2 | 180
[45.52, 47.62, 51.27, 68.45, 82.32, 82.66, 79.25, 47.33] | 2 | 180
[47.13, 45.99, 50.93, 78.28, 80.80, 80.72, 65.59, 51.16] | 2 | 180
[47.13, 51.16, 65.59, 80.72, 80.80, 78.28, 50.93, 45.99] | 2 | 180
[45.52, 47.33, 79.25, 82.66, 82.32, 68.45, 51.27, 47.62] | 2 | 180
[43.03, 48.98, 83.96, 85.35, 83.96, 48.98, 43.03, 78.29] | 2 | 180
[51.27, 68.45, 82.32, 82.66, 79.25, 47.33, 45.52, 47.62] | 2 | 180
[50.93, 78.28, 80.80, 80.72, 65.59, 51.16, 47.13, 45.99] | 2 | 180
[65.59, 80.72, 80.80, 78.28, 50.93, 45.99, 47.13, 51.16] | 2 | 180
[79.25, 82.66, 82.32, 68.45, 51.27, 47.62, 45.52, 47.33] | 2 | 180
[83.96, 85.35, 83.96, 48.98, 43.03, 78.29, 43.03, 48.98] | 2 | 180
[82.32, 82.66, 79.25, 47.33, 45.52, 47.62, 51.27, 68.45] | 2 | 180
[80.80, 80.72, 65.59, 51.16, 47.13, 45.99, 50.93, 78.28] | 2 | 180
[80.80, 78.28, 50.93, 45.99, 47.13, 51.16, 65.59, 80.72] | 2 | 180
[82.32, 68.45, 51.27, 47.62, 45.52, 47.33, 79.25, 82.66] | 2 | 180
[83.96, 48.98, 43.03, 78.29, 43.03, 48.98, 83.96, 85.35] | 2 | 180
[79.25, 47.33, 45.52, 47.62, 51.27, 68.45, 82.32, 82.66] | 2 | 180
[65.59, 51.16, 47.13, 45.99, 50.93, 78.28, 80.80, 80.72] | 2 | 180
[50.93, 45.99, 47.13, 51.16, 65.59, 80.72, 80.80, 78.28] | 2 | 180
[51.27, 47.62, 45.52, 47.33, 79.25, 82.66, 82.32, 68.45] | 2 | 180
[43.03, 78.29, 43.03, 48.98, 83.96, 85.35, 83.96, 48.98] | 2 | 180
