# angles | wait | zero
[60.00, 60.00, 60.00, 60.00, 60.00, 60.00, 60.00, 60.00] | 2 | 180
[49.58, 49.50, 54.70, 81.12, 81.78, 81.12, 54.70, 49.50] | 2 | 180
[46.91, 51.07, 69.01, 81.69, 81.87, 78.14, 48.83, 45.37] | 2 | 180
[45.37, 48.83, 78.14, 81.87, 81.69, 69.01, 51.07, 46.91] | 2 | 180
[49.50, 54.70, 81.12, 81.78, 81.12, 54.70, 49.50, 49.58] | 2 | 180
[51.07, 69.01, 81.69, 81.87, 78.14, 48.83, 45.37, 46.91] | 2 | 180
[48.83, 78.14, 81.87, 81.69, 69.01, 51.07, 46.91, 45.37] | 2 | 180
[54.70, 81.12, 81.78, 81.12, 54.70, 49.50, 49.58, 49.50] | 2 | 180
[69.01, 81.69, 81.87, 78.14, 48.83, 45.37, 46.91, 51.07] | 2 | 180
[78.14, 81.87, 81.69, 69.01, 51.07, 46.91, 45.37, 48.83] | 2 | 180
[81.12, 81.78, 81.12, 54.70, 49.50, 49.58, 49.50, 54.70] | 2 | 180
[81.69, 81.87, 78.14, 48.83, 45.37, 46.91, 51.07, 69.01] | 2 | 180
[81.87, 81.69, 69.01, 51.07, 46.91, 45.37, 48.83, 78.14] | 2 | 180
[81.78, 81.12, 54.70, 49.50, 49.58, 49.50, 54.70, 81.12] | 2 | 180
[72.95, 60.36, 50.50, 47.74, 50.50, 60.36, 72.95, 73.83] | 2 | 180
[83.13, 30.48, 50.83, 56.98, 53.74, 65.33, 83.97, 83.69] | 2 | 180
[59.90, 49.78, 47.25, 49.78, 59.90, 74.76, 75.34, 74.76] | 2 | 180
[53.74, 56.98, 50.83, 30.48, 83.13, 83.69, 83.97, 65.33] | 2 | 180
[50.50, 47.74, 50.50, 60.36, 72.95, 73.83, 72.95, 60.36] | 2 | 180
[49.58, 49.50, 54.70, 81.12, 81.78, 81.12, 54.70, 49.50] | 2 | 180
