# angles | wait | zero
[60.24, 60.17, 60.00, 59.83, 59.76, 59.83, 60.00, 60.17] | 2 | 180
[61.43, 61.33, 60.47, 59.33, 58.58, 58.68, 59.57, 60.71] | 2 | 180
[61.12, 61.97, 61.71, 60.48, 58.94, 58.04, 58.31, 59.60] | 2 | 180
[58.58, 61.01, 62.79, 63.01, 61.58, 59.17, 57.26, 57.01] | 2 | 180
[55.05, 58.52, 62.99, 65.43, 65.12, 62.04, 57.51, 54.66] | 2 | 180
[52.53, 55.09, 61.04, 66.29, 67.56, 65.68, 59.92, 54.35] | 2 | 180
[51.83, 51.58, 56.37, 64.25, 68.72, 68.85, 64.97, 57.07] | 2 | 180
[55.65, 51.87, 52.86, 58.40, 65.48, 68.35, 67.75, 62.74] | 2 | 180
[63.05, 55.84, 51.85, 52.67, 58.12, 65.33, 68.40, 67.91] | 2 | 180
[69.14, 62.32, 54.00, 50.33, 52.04, 59.06, 67.61, 70.02] | 2 | 180
[71.92, 70.20, 59.67, 51.13, 48.83, 52.22, 61.66, 71.00] | 2 | 180
[72.42, 72.53, 68.30, 56.14, 49.15, 48.65, 54.32, 65.88] | 2 | 180
[68.22, 73.52, 73.51, 67.53, 54.52, 48.13, 48.24, 54.99] | 2 | 180
[53.35, 71.51, 77.07, 77.13, 69.56, 52.72, 46.29, 46.32] | 2 | 180
[48.43, 57.03, 72.90, 75.01, 74.97, 63.69, 51.62, 47.24] | 2 | 180
[47.17, 49.62, 59.73, 75.25, 75.77, 75.25, 59.73, 49.62] | 2 | 180
[47.60, 46.84, 51.13, 63.82, 76.76, 76.64, 74.70, 55.96] | 2 | 180
[53.35, 46.18, 46.18, 52.23, 68.81, 77.67, 77.57, 72.83] | 2 | 180
[69.25, 51.97, 45.97, 45.85, 52.83, 73.52, 78.33, 78.42] | 2 | 180
[78.99, 63.89, 50.82, 46.75, 46.76, 54.07, 77.00, 78.94] | 2 | 180
[79.58, 79.12, 57.49, 48.93, 47.59, 48.93, 57.49, 79.12] | 2 | 180
[79.36, 80.47, 80.25, 60.21, 50.21, 47.91, 47.65, 53.71] | 2 | 180
[74.38, 80.21, 80.23, 71.62, 51.24, 45.60, 45.29, 51.11] | 2 | 180
[60.16, 79.09, 79.28, 78.36, 55.81, 47.95, 47.28, 49.79] | 2 | 180
[52.03, 73.99, 79.27, 79.32, 70.33, 51.70, 45.72, 45.49] | 2 | 180
[49.91, 60.68, 78.86, 79.00, 77.99, 55.83, 47.84, 47.14] | 2 | 180
[46.45, 53.90, 75.17, 78.06, 78.21, 66.08, 51.44, 46.42] | 2 | 180
[47.25, 53.47, 67.70, 74.95, 74.92, 70.06, 54.74, 47.50] | 2 | 180
[49.27, 53.60, 63.35, 70.87, 71.40, 68.66, 58.19, 50.69] | 2 | 180
[60.24, 60.17, 60.00, 59.83, 59.76, 59.83, 60.00, 60.17] | 2 | 180
[69.20, 66.36, 58.46, 52.29, 51.09, 55.01, 62.84, 68.54] | 2 | 180
[75.83, 69.72, 53.72, 46.88, 46.86, 53.61, 69.48, 75.83] | 2 | 180
[78.21, 66.08, 51.44, 46.42, 46.45, 53.90, 75.17, 78.06] | 2 | 180
[77.99, 55.83, 47.84, 47.14, 49.91, 60.68, 78.86, 79.00] | 2 | 180
[70.33, 51.70, 45.72, 45.49, 52.03, 73.99, 79.27, 79.32] | 2 | 180
[55.81, 47.95, 47.28, 49.79, 60.16, 79.09, 79.28, 78.36] | 2 | 180
[51.24, 45.60, 45.29, 51.11, 74.38, 80.21, 80.23, 71.62] | 2 | 180
[50.21, 47.91, 47.65, 53.71, 79.36, 80.47, 80.25, 60.21] | 2 | 180
[60.24, 60.17, 60.00, 59.83, 59.76, 59.83, 60.00, 60.17] | 2 | 180
