# angles | wait | zero
[66.45, 86.52, 66.64, 86.94, 64.90, 46.72, 41.50, 46.97] | 2 | 180
[56.39, 87.22, 31.10, 72.59, 78.18, 72.66, 30.94, 87.28] | 2 | 180
[72.28, 76.34, 54.32, 44.12, 71.97, 76.34, 54.37, 44.70] | 2 | 180
[82.25, 72.17, 63.44, 80.72, 26.03, 90.00, 82.81, 23.65] | 2 | 180
[83.43, 40.26, 89.66, 73.86, 35.21, 73.86, 89.66, 40.26] | 2 | 180
[86.82, 18.75, 83.14, 90.00, 30.06, 76.76, 69.96, 65.88] | 2 | 180
[68.20, 49.06, 52.88, 75.73, 73.48, 43.37, 52.79, 79.56] | 2 | 180
[56.39, 87.22, 31.10, 72.59, 78.18, 72.66, 30.94, 87.28] | 2 | 180
[72.30, 76.33, 54.32, 44.12, 71.97, 76.34, 54.38, 44.69] | 2 | 180
[82.38, 72.01, 63.60, 80.63, 26.11, 90.00, 82.83, 23.50] | 2 | 180
[83.13, 40.18, 89.92, 73.12, 36.29, 73.12, 89.92, 40.18] | 2 | 180
[86.96, 18.49, 83.18, 89.92, 30.36, 76.50, 70.24, 65.62] | 2 | 180
[68.20, 49.07, 52.88, 75.73, 73.48, 43.37, 52.79, 79.56] | 2 | 180
[56.40, 87.22, 31.10, 72.59, 78.18, 72.66, 30.94, 87.28] | 2 | 180
[74.33, 75.71, 35.11, 60.70, 78.49, 67.07, 31.82, 77.91] | 2 | 180
[88.97, 66.54, 42.96, 87.37, 33.29, 55.98, 67.96, 67.13] | 2 | 180
[87.83, 71.41, 70.06, 2.15, 89.99, 48.14, 60.06, 72.78] | 2 | 180
[77.28, 79.83, 80.69, 0.77, 3.23, 1.37, 80.69, 79.83] | 2 | 180
[78.68, 79.54, 84.19, 52.42, 39.19, 37.39, 55.92, 88.94] | 2 | 180
[85.07, 72.62, 86.51, 59.09, 44.20, 40.32, 45.45, 77.30] | 2 | 180
[83.41, 80.12, 57.28, 79.32, 64.40, 45.56, 28.59, 64.68] | 2 | 180
[77.76, 83.26, 55.49, 47.28, 72.27, 61.36, 45.45, 53.99] | 2 | 180
[69.70, 84.64, 51.85, 50.67, 56.28, 77.42, 57.05, 48.67] | 2 | 180
[75.56, 63.62, 78.85, 32.63, 65.24, 90.00, 48.89, 51.59] | 2 | 180
[57.29, 69.95, 68.54, 37.01, 77.73, 79.89, 60.15, 45.27] | 2 | 180
[74.13, 55.40, 34.73, 66.59, 68.37, 90.00, 47.55, 65.04] | 2 | 180
[64.40, 45.56, 28.59, 64.68, 83.41, 80.12, 57.28, 79.32] | 2 | 180
[44.20, 40.32, 45.45, 77.30, 85.07, 72.62, 86.51, 59.09] | 2 | 180
[39.19, 37.39, 55.92, 88.94, 78.68, 79.54, 84.19, 52.42] | 2 | 180
[90.00, 4.27, 59.87, 89.97, 74.53, 89.96, 59.96, 0.00] | 2 | 180
[39.19, 52.42, 84.19, 79.54, 78.68, 88.94, 55.92, 37.39] | 2 | 180
[44.20, 59.09, 86.51, 72.62, 85.07, 77.30, 45.45, 40.32] | 2 | 180
[64.40, 79.32, 57.28, 80.12, 83.41, 64.68, 28.59, 45.56] | 2 | 180
[74.13, 65.04, 47.55, 90.00, 68.37, 66.59, 34.73, 55.40] | 2 | 180
[62.71, 48.52, 52.83, 85.86, 68.98, 47.23, 60.12, 67.81] | 2 | 180
[77.93, 46.00, 51.94, 89.87, 61.86, 38.53, 75.66, 63.59] | 2 | 180
[62.92, 49.98, 55.49, 68.64, 67.47, 49.78, 53.08, 88.22] | 2 | 180
[68.61, 64.49, 37.79, 53.05, 69.48, 69.50, 47.86, 90.00] | 2 | 180
[83.41, 64.68, 28.59, 45.56, 64.40, 79.32, 57.28, 80.12] | 2 | 180
[85.07, 77.30, 45.45, 40.32, 44.20, 59.09, 86.51, 72.62] | 2 | 180
[78.68, 88.94, 55.92, 37.39, 39.19, 52.42, 84.19, 79.54] | 2 | 180
[83.68, 83.62, 87.34, 55.08, 60.35, 49.98, 89.27, 83.34] | 2 | 180
[56.40, 87.22, 31.10, 72.59, 78.18, 72.66, 30.94, 87.28] | 2 | 180
