# angles | wait | zero
[60.24, 60.17, 60.00, 59.83, 59.76, 59.83, 60.00, 60.17] | 2 | 180
[47.14, 49.00, 58.51, 77.81, 78.21, 77.81, 58.51, 49.00] | 2 | 180
[46.19, 51.66, 67.57, 78.49, 78.36, 74.69, 53.22, 46.06] | 2 | 180
[46.06, 53.22, 74.69, 78.36, 78.49, 67.57, 51.66, 46.19] | 2 | 180
[49.00, 58.51, 77.81, 78.21, 77.81, 58.51, 49.00, 47.14] | 2 | 180
[51.66, 67.57, 78.49, 78.36, 74.69, 53.22, 46.06, 46.19] | 2 | 180
[53.22, 74.69, 78.36, 78.49, 67.57, 51.66, 46.19, 46.06] | 2 | 180
[58.51, 77.81, 78.21, 77.81, 58.51, 49.00, 47.14, 49.00] | 2 | 180
[67.57, 78.49, 78.36, 74.69, 53.22, 46.06, 46.19, 51.66] | 2 | 180
[74.69, 78.36, 78.49, 67.57, 51.66, 46.19, 46.06, 53.22] | 2 | 180
[77.81, 78.21, 77.81, 58.51, 49.00, 47.14, 49.00, 58.51] | 2 | 180
[78.49, 78.36, 74.69, 53.22, 46.06, 46.19, 51.66, 67.57] | 2 | 180
[78.36, 78.49, 67.57, 51.66, 46.19, 46.06, 53.22, 74.69] | 2 | 180
[78.21, 77.81, 58.51, 49.00, 47.14, 49.00, 58.51, 77.81] | 2 | 180
[69.39, 60.63, 52.35, 49.60, 52.40, 60.73, 69.43, 70.86] | 2 | 180
[77.40, 51.09, 45.65, 46.59, 51.22, 67.16, 80.51, 80.56] | 2 | 180
[57.42, 49.46, 48.26, 52.98, 64.13, 72.65, 72.91, 70.06] | 2 | 180
[51.22, 46.59, 45.65, 51.09, 77.40, 80.56, 80.51, 67.16] | 2 | 180
[48.61, 47.62, 52.58, 64.74, 73.98, 74.06, 71.13, 56.71] | 2 | 180
[47.14, 49.00, 58.51, 77.81, 78.21, 77.81, 58.51, 49.00] | 2 | 180
