# angles | wait | zero
[60.00, 60.00, 60.00, 60.00, 60.00, 60.00, 60.00, 60.00] | 3 | 180
[60.27, 64.07, 65.37, 64.07, 60.27, 56.26, 54.64, 56.26] | 3 | 180
[65.37, 64.07, 60.27, 56.26, 54.64, 56.26, 60.27, 64.07] | 3 | 180
[51.75, 69.95, 79.14, 79.09, 74.02, 52.24, 45.54, 45.76] | 3 | 180
[53.73, 74.60, 77.93, 78.08, 66.84, 51.64, 46.33, 46.34] | 3 | 180
[58.97, 76.99, 77.38, 76.99, 58.97, 49.15, 47.08, 49.15] | 3 | 180
[66.84, 78.08, 77.93, 74.60, 53.73, 46.34, 46.33, 51.64] | 3 | 180
[74.02, 79.09, 79.14, 69.95, 51.75, 45.76, 45.54, 52.24] | 3 | 180
[77.78, 78.17, 77.78, 58.53, 49.00, 47.14, 49.00, 58.53] | 3 | 180
[73.60, 76.15, 76.28, 64.91, 51.66, 46.85, 47.50, 55.68] | 3 | 180
[67.30, 74.68, 74.66, 70.04, 55.01, 47.69, 47.38, 53.47] | 3 | 180
[60.34, 73.07, 73.93, 73.07, 60.34, 50.45, 47.70, 50.45] | 3 | 180
[55.01, 70.04, 74.66, 74.68, 67.30, 53.47, 47.38, 47.69] | 3 | 180
[51.66, 64.91, 76.28, 76.15, 73.60, 55.68, 47.50, 46.85] | 3 | 180
[49.00, 58.53, 77.78, 78.17, 77.78, 58.53, 49.00, 47.14] | 3 | 180
[45.54, 52.24, 74.02, 79.09, 79.14, 69.95, 51.75, 45.76] | 3 | 180
[47.50, 55.68, 73.60, 76.15, 76.28, 64.91, 51.66, 46.85] | 3 | 180
[50.79, 60.47, 72.31, 73.31, 72.31, 60.47, 50.79, 47.99] | 3 | 180
[55.16, 65.11, 70.76, 70.94, 66.84, 56.66, 50.29, 49.82] | 3 | 180
[60.67, 68.52, 70.05, 68.52, 60.67, 52.93, 50.26, 52.93] | 3 | 180
[66.84, 70.94, 70.76, 65.11, 55.16, 49.82, 50.29, 56.66] | 3 | 180
[72.31, 73.31, 72.31, 60.47, 50.79, 47.99, 50.79, 60.47] | 3 | 180
[76.28, 76.15, 73.60, 55.68, 47.50, 46.85, 51.66, 64.91] | 3 | 180
[79.14, 79.09, 74.02, 52.24, 45.54, 45.76, 51.75, 69.95] | 3 | 180
[77.93, 78.08, 66.84, 51.64, 46.33, 46.34, 53.73, 74.60] | 3 | 180
[74.66, 74.68, 67.30, 53.47, 47.38, 47.69, 55.01, 70.04] | 3 | 180
[70.76, 70.94, 66.84, 56.66, 50.29, 49.82, 55.16, 65.11] | 3 | 180
[65.87, 67.42, 65.87, 60.47, 54.81, 52.65, 54.81, 60.47] | 3 | 180
[60.27, 64.07, 65.37, 64.07, 60.27, 56.26, 54.64, 56.26] | 3 | 180
[54.81, 60.47, 65.87, 67.42, 65.87, 60.47, 54.81, 52.65] | 3 | 180
[50.29, 56.66, 66.84, 70.94, 70.76, 65.11, 55.16, 49.82] | 3 | 180
[47.38, 53.47, 67.30, 74.68, 74.66, 70.04, 55.01, 47.69] | 3 | 180
[46.33, 51.64, 66.84, 78.08, 77.93, 74.60, 53.73, 46.34] | 3 | 180
[47.08, 49.15, 58.97, 76.99, 77.38, 76.99, 58.97, 49.15] | 3 | 180
[47.70, 50.45, 60.34, 73.07, 73.93, 73.07, 60.34, 50.45] | 3 | 180
[50.26, 52.93, 60.67, 68.52, 70.05, 68.52, 60.67, 52.93] | 3 | 180
[54.64, 56.26, 60.27, 64.07, 65.37, 64.07, 60.27, 56.26] | 3 | 180
[60.00, 60.00, 60.00, 60.00, 60.00, 60.00, 60.00, 60.00] | 3 | 180
[65.37, 64.07, 60.27, 56.26, 54.64, 56.26, 60.27, 64.07] | 3 | 180
[70.05, 68.52, 60.67, 52.93, 50.26, 52.93, 60.67, 68.52] | 3 | 180
[73.93, 73.07, 60.34, 50.45, 47.70, 50.45, 60.34, 73.07] | 3 | 180
[77.38, 76.99, 58.97, 49.15, 47.08, 49.15, 58.97, 76.99] | 3 | 180
[77.93, 74.60, 53.73, 46.34, 46.33, 51.64, 66.84, 78.08] | 3 | 180
[74.66, 70.04, 55.01, 47.69, 47.38, 53.47, 67.30, 74.68] | 3 | 180
[70.76, 65.11, 55.16, 49.82, 50.29, 56.66, 66.84, 70.94] | 3 | 180
[65.87, 60.47, 54.81, 52.65, 54.81, 60.47, 65.87, 67.42] | 3 | 180
[60.27, 56.26, 54.64, 56.26, 60.27, 64.07, 65.37, 64.07] | 3 | 180
[54.81, 52.65, 54.81, 60.47, 65.87, 67.42, 65.87, 60.47] | 3 | 180
[50.29, 49.82, 55.16, 65.11, 70.76, 70.94, 66.84, 56.66] | 3 | 180
[47.38, 47.69, 55.01, 70.04, 74.66, 74.68, 67.30, 53.47] | 3 | 180
[46.33, 46.34, 53.73, 74.60, 77.93, 78.08, 66.84, 51.64] | 3 | 180
[45.54, 45.76, 51.75, 69.95, 79.14, 79.09, 74.02, 52.24] | 3 | 180
[47.50, 46.85, 51.66, 64.91, 76.28, 76.15, 73.60, 55.68] | 3 | 180
[50.79, 47.99, 50.79, 60.47, 72.31, 73.31, 72.31, 60.47] | 3 | 180
[55.16, 49.82, 50.29, 56.66, 66.84, 70.94, 70.76, 65.11] | 3 | 180
[60.67, 52.93, 50.26, 52.93, 60.67, 68.52, 70.05, 68.52] | 3 | 180
[66.84, 56.66, 50.29, 49.82, 55.16, 65.11, 70.76, 70.94] | 3 | 180
[72.31, 60.47, 50.79, 47.99, 50.79, 60.47, 72.31, 73.31] | 3 | 180
[76.28, 64.91, 51.66, 46.85, 47.50, 55.68, 73.60, 76.15] | 3 | 180
[79.14, 69.95, 51.75, 45.76, 45.54, 52.24, 74.02, 79.09] | 3 | 180
[77.78, 58.53, 49.00, 47.14, 49.00, 58.53, 77.78, 78.17] | 3 | 180
[73.60, 55.68, 47.50, 46.85, 51.66, 64.91, 76.28, 76.15] | 3 | 180
[67.30, 53.47, 47.38, 47.69, 55.01, 70.04, 74.66, 74.68] | 3 | 180
[60.34, 50.45, 47.70, 50.45, 60.34, 73.07, 73.93, 73.07] | 3 | 180
[55.01, 47.69, 47.38, 53.47, 67.30, 74.68, 74.66, 70.04] | 3 | 180
[51.66, 46.85, 47.50, 55.68, 73.60, 76.15, 76.28, 64.91] | 3 | 180
[49.00, 47.14, 49.00, 58.53, 77.78, 78.17, 77.78, 58.53] | 3 | 180
[51.75, 45.76, 45.54, 52.24, 74.02, 79.09, 79.14, 69.95] | 3 | 180
[53.73, 46.34, 46.33, 51.64, 66.84, 78.08, 77.93, 74.60] | 3 | 180
[58.97, 49.15, 47.08, 49.15, 58.97, 76.99, 77.38, 76.99] | 3 | 180
[66.84, 51.64, 46.33, 46.34, 53.73, 74.60, 77.93, 78.08] | 3 | 180
[74.02, 52.24, 45.54, 45.76, 51.75, 69.95, 79.14, 79.09] | 3 | 180
