# angles | wait | zero
[46.27, 46.24, 53.56, 74.41, 77.98, 78.13, 67.27, 51.72] | 2 | 180
[46.27, 51.72, 67.27, 78.13, 77.98, 74.41, 53.56, 46.24] | 2 | 180
[47.23, 49.43, 59.20, 74.60, 75.39, 74.99, 60.60, 50.10] | 2 | 180
[47.75, 54.10, 67.65, 74.09, 74.09, 68.93, 54.89, 47.92] | 2 | 180
[47.75, 47.92, 54.89, 68.93, 74.09, 74.09, 67.65, 54.10] | 2 | 180
[49.04, 48.87, 54.96, 66.64, 72.33, 72.37, 67.44, 55.57] | 2 | 180
[49.04, 55.57, 67.44, 72.37, 72.33, 66.64, 54.96, 48.87] | 2 | 180
[51.33, 50.52, 55.15, 63.92, 69.57, 69.96, 66.51, 57.57] | 2 | 180
[52.38, 58.43, 66.19, 69.05, 68.41, 62.85, 55.14, 51.23] | 2 | 180
[55.28, 60.23, 65.04, 66.61, 65.22, 60.54, 55.49, 53.43] | 2 | 180
[54.34, 52.52, 55.08, 61.05, 66.30, 67.57, 65.69, 59.92] | 2 | 180
[61.94, 57.57, 54.82, 55.22, 58.58, 62.90, 65.25, 64.94] | 2 | 180
[64.71, 59.91, 55.20, 53.61, 55.83, 60.83, 65.23, 66.43] | 2 | 180
[65.62, 64.14, 60.06, 55.92, 54.40, 56.24, 60.52, 64.41] | 2 | 180
[67.34, 66.43, 61.70, 55.73, 52.76, 54.08, 59.22, 65.07] | 2 | 180
[69.71, 68.64, 61.80, 53.90, 50.58, 52.52, 59.52, 67.55] | 2 | 180
[71.06, 69.31, 59.97, 51.83, 49.45, 52.65, 61.40, 69.93] | 2 | 180
[70.87, 65.41, 55.33, 49.82, 50.15, 56.41, 66.66, 70.99] | 2 | 180
[71.06, 69.31, 59.97, 51.83, 49.45, 52.65, 61.40, 69.93] | 2 | 180
[69.71, 68.64, 61.80, 53.90, 50.58, 52.52, 59.52, 67.55] | 2 | 180
[67.34, 66.43, 61.70, 55.73, 52.76, 54.08, 59.22, 65.07] | 2 | 180
[65.62, 64.14, 60.06, 55.92, 54.40, 56.24, 60.52, 64.41] | 2 | 180
[65.03, 61.80, 57.29, 54.59, 55.17, 58.76, 63.19, 65.48] | 2 | 180
[66.30, 61.14, 55.19, 52.57, 54.32, 59.82, 65.59, 67.51] | 2 | 180
[68.93, 63.50, 55.33, 50.98, 51.86, 57.88, 66.14, 69.39] | 2 | 180
[70.75, 66.88, 56.94, 50.52, 49.93, 55.07, 64.75, 70.52] | 2 | 180
[73.39, 67.41, 54.55, 48.19, 48.32, 55.06, 68.18, 73.41] | 2 | 180
[74.18, 74.15, 65.41, 52.85, 47.57, 48.36, 56.24, 70.85] | 2 | 180
[73.44, 72.25, 59.87, 50.42, 47.92, 51.03, 61.04, 72.66] | 2 | 180
[75.89, 75.63, 60.74, 50.06, 47.13, 49.09, 58.69, 75.08] | 2 | 180
[76.41, 76.39, 62.08, 50.53, 47.00, 48.30, 57.24, 75.16] | 2 | 180
[77.38, 76.93, 58.68, 49.01, 47.07, 49.28, 59.27, 77.06] | 2 | 180
[77.40, 75.82, 55.82, 47.54, 46.84, 50.72, 63.04, 77.51] | 2 | 180
[76.61, 73.39, 54.79, 46.98, 46.63, 51.93, 66.22, 76.76] | 2 | 180
[76.06, 70.60, 53.90, 46.81, 46.72, 53.19, 68.92, 76.10] | 2 | 180
[72.99, 69.65, 56.84, 49.17, 48.25, 53.37, 64.89, 72.81] | 2 | 180
[73.39, 67.41, 54.55, 48.19, 48.32, 55.06, 68.18, 73.41] | 2 | 180
