# angles | wait | zero
[90.00, 59.18, 46.60, 58.99, 90.00, 58.89, 46.77, 59.08] | 2 | 180
[83.15, 66.83, 32.83, 70.26, 81.63, 68.56, 35.08, 64.43] | 2 | 180
[88.71, 34.71, 82.18, 56.72, 89.43, 80.93, 8.33, 90.00] | 2 | 180
[65.38, 90.00, 14.31, 84.57, 77.55, 81.49, 27.77, 80.50] | 2 | 180
[55.59, 67.61, 49.53, 66.01, 89.55, 66.56, 28.55, 82.05] | 2 | 180
[66.17, 43.12, 36.56, 84.30, 82.14, 50.82, 73.89, 66.89] | 2 | 180
[40.47, 46.72, 78.29, 82.63, 66.15, 86.67, 60.23, 46.14] | 2 | 180
[40.24, 59.12, 88.92, 69.25, 78.98, 79.33, 53.08, 39.44] | 2 | 180
[45.33, 66.31, 86.39, 66.83, 85.13, 68.62, 47.49, 39.89] | 2 | 180
[51.99, 76.50, 80.73, 68.20, 88.97, 60.09, 41.28, 39.90] | 2 | 180
[52.18, 86.15, 74.61, 72.31, 88.87, 51.67, 42.80, 43.08] | 2 | 180
[58.89, 88.91, 69.46, 78.66, 79.84, 53.29, 39.40, 40.09] | 2 | 180
[63.68, 87.70, 66.12, 85.75, 67.67, 47.95, 41.63, 46.10] | 2 | 180
[75.87, 81.10, 67.99, 88.97, 60.25, 41.55, 40.04, 51.75] | 2 | 180
[85.57, 75.00, 71.97, 89.11, 52.00, 42.46, 42.81, 52.56] | 2 | 180
[88.89, 69.67, 78.34, 80.32, 53.50, 39.37, 39.96, 58.64] | 2 | 180
[88.04, 66.10, 85.53, 68.09, 48.32, 41.78, 45.88, 62.98] | 2 | 180
[81.49, 67.77, 88.97, 60.39, 41.85, 40.21, 51.51, 75.21] | 2 | 180
[75.37, 71.66, 89.30, 52.41, 42.10, 42.50, 52.93, 85.00] | 2 | 180
[69.88, 78.01, 80.87, 53.48, 39.47, 40.04, 58.26, 88.89] | 2 | 180
[66.17, 84.84, 69.06, 49.26, 42.02, 45.20, 61.61, 88.79] | 2 | 180
[77.42, 82.49, 49.14, 40.97, 47.45, 59.02, 72.95, 68.93] | 2 | 180
[83.64, 68.26, 48.61, 48.18, 53.41, 59.75, 64.40, 65.42] | 2 | 180
[70.26, 79.73, 56.16, 40.58, 44.41, 61.09, 76.91, 65.52] | 2 | 180
[65.12, 74.02, 61.47, 47.73, 40.65, 50.69, 79.84, 75.99] | 2 | 180
[85.67, 52.47, 40.35, 42.88, 54.56, 76.53, 77.15, 75.16] | 2 | 180
[59.34, 64.67, 39.54, 55.83, 65.78, 54.64, 68.34, 85.12] | 2 | 180
[79.44, 52.85, 41.83, 50.16, 63.47, 70.70, 60.71, 72.73] | 2 | 180
[73.93, 63.38, 48.48, 40.75, 51.40, 78.15, 75.04, 62.64] | 2 | 180
[60.02, 45.26, 42.26, 48.76, 68.52, 82.70, 70.63, 83.65] | 2 | 180
[49.52, 40.20, 45.49, 60.53, 79.28, 68.03, 79.25, 76.77] | 2 | 180
[62.88, 48.30, 40.74, 51.30, 78.63, 75.21, 63.19, 73.87] | 2 | 180
[59.56, 55.99, 51.82, 49.27, 59.61, 83.86, 70.14, 60.67] | 2 | 180
[58.61, 45.31, 39.99, 48.41, 80.09, 79.85, 71.01, 78.48] | 2 | 180
[48.11, 42.60, 46.08, 61.43, 83.68, 70.44, 83.10, 66.12] | 2 | 180
[52.67, 44.80, 43.40, 57.36, 86.30, 71.79, 76.79, 66.75] | 2 | 180
[54.69, 49.17, 45.68, 52.28, 85.23, 77.47, 70.10, 62.99] | 2 | 180
[54.31, 46.93, 40.89, 59.97, 84.56, 79.80, 68.64, 63.54] | 2 | 180
