# angles | wait | zero
[90.00, 59.18, 46.60, 58.99, 90.00, 58.89, 46.77, 59.08] | 2 | 180
[60.72, 81.90, 41.72, 73.94, 69.93, 88.11, 9.67, 82.55] | 2 | 180
[61.30, 71.35, 58.60, 50.68, 82.73, 74.68, 45.80, 49.47] | 2 | 180
[60.07, 66.54, 62.45, 49.88, 77.25, 82.32, 48.67, 47.24] | 2 | 180
[34.41, 50.24, 79.03, 70.99, 69.49, 82.57, 77.88, 40.14] | 2 | 180
[40.79, 39.95, 53.24, 80.70, 77.74, 68.84, 89.00, 58.11] | 2 | 180
[42.60, 38.20, 49.60, 73.73, 82.11, 67.01, 86.48, 65.89] | 2 | 180
[48.91, 38.55, 43.44, 66.40, 86.28, 66.65, 82.98, 72.25] | 2 | 180
[53.41, 39.45, 40.40, 59.39, 88.81, 68.41, 78.49, 79.45] | 2 | 180
[53.43, 41.83, 41.79, 53.48, 87.66, 72.29, 73.34, 86.56] | 2 | 180
[57.72, 40.90, 40.13, 53.23, 80.94, 77.59, 68.92, 89.09] | 2 | 180
[65.76, 42.42, 38.13, 49.76, 74.07, 81.91, 67.09, 86.53] | 2 | 180
[71.89, 48.75, 38.65, 43.66, 66.52, 86.23, 66.57, 83.20] | 2 | 180
[79.18, 53.29, 39.47, 40.49, 59.52, 88.81, 68.29, 78.68] | 2 | 180
[84.33, 73.97, 20.72, 18.11, 83.98, 79.46, 79.65, 75.92] | 2 | 180
[79.24, 84.00, 21.86, 19.05, 71.91, 83.10, 78.63, 77.12] | 2 | 180
[75.34, 87.79, 39.09, 23.86, 50.63, 89.86, 76.71, 78.41] | 2 | 180
[86.75, 63.67, 47.21, 42.05, 46.48, 65.71, 87.43, 67.89] | 2 | 180
[80.43, 76.81, 52.43, 39.86, 39.85, 59.24, 89.24, 70.81] | 2 | 180
[76.79, 82.85, 75.27, 20.04, 18.93, 81.53, 80.25, 78.49] | 2 | 180
[79.07, 81.00, 80.24, 17.70, 19.08, 77.58, 82.46, 77.53] | 2 | 180
[68.94, 89.02, 59.66, 39.98, 39.77, 53.29, 77.93, 78.98] | 2 | 180
[69.80, 75.14, 76.13, 56.55, 42.19, 38.14, 57.66, 89.58] | 2 | 180
[79.55, 62.42, 75.98, 64.97, 51.13, 39.75, 44.01, 83.53] | 2 | 180
[81.62, 58.21, 75.08, 66.53, 55.04, 42.38, 41.27, 78.85] | 2 | 180
[82.60, 56.37, 73.67, 72.82, 52.38, 38.55, 47.44, 74.80] | 2 | 180
[83.12, 57.68, 69.46, 81.06, 51.42, 30.58, 56.33, 70.17] | 2 | 180
[82.64, 60.74, 68.02, 83.15, 58.97, 7.68, 64.12, 67.06] | 2 | 180
[77.60, 62.49, 72.07, 75.17, 71.24, 11.72, 46.66, 77.49] | 2 | 180
[77.50, 62.41, 73.16, 77.26, 68.32, 26.41, 37.80, 78.01] | 2 | 180
[79.39, 61.48, 71.49, 82.69, 60.48, 32.94, 41.69, 70.05] | 2 | 180
[78.57, 63.04, 69.91, 86.79, 56.17, 37.00, 45.40, 63.92] | 2 | 180
[74.14, 66.15, 69.81, 88.61, 55.76, 38.37, 46.64, 60.70] | 2 | 180
[62.96, 84.26, 66.68, 87.70, 67.61, 45.63, 42.11, 48.42] | 2 | 180
[45.99, 89.36, 70.70, 71.93, 89.19, 47.92, 49.80, 48.11] | 2 | 180
[45.00, 68.76, 85.87, 64.96, 82.20, 70.62, 48.08, 38.67] | 2 | 180
[37.21, 54.27, 88.76, 70.20, 68.37, 78.33, 61.41, 44.79] | 2 | 180
[33.76, 58.45, 83.43, 73.02, 64.51, 82.18, 66.67, 40.63] | 2 | 180
[39.22, 55.13, 79.19, 74.70, 62.27, 86.85, 63.77, 41.95] | 2 | 180
[43.52, 58.22, 74.38, 71.61, 63.65, 88.95, 61.05, 39.63] | 2 | 180
[43.92, 36.53, 52.21, 86.18, 74.35, 66.74, 82.51, 62.75] | 2 | 180
[90.00, 3.89, 82.61, 69.59, 81.44, 89.91, 23.24, 90.00] | 2 | 180
[69.50, 69.82, 49.65, 52.65, 84.62, 68.31, 46.23, 53.91] | 2 | 180
[74.99, 70.55, 38.02, 63.06, 75.65, 70.08, 37.52, 64.18] | 2 | 180
[86.29, 60.23, 44.54, 61.97, 70.21, 62.41, 47.15, 61.43] | 2 | 180
[87.76, 67.57, 34.89, 85.24, 45.22, 58.80, 61.44, 64.89] | 2 | 180
[87.83, 71.41, 70.06, 2.15, 89.99, 48.14, 60.06, 72.78] | 2 | 180
