# angles | wait | zero
[60.24, 60.17, 60.00, 59.83, 59.76, 59.83, 60.00, 60.17] | 2 | 180
[49.03, 48.16, 49.03, 56.58, 79.93, 80.45, 79.93, 56.58] | 2 | 180
[46.34, 46.33, 51.64, 66.84, 78.08, 77.93, 74.60, 53.73] | 2 | 180
[46.85, 47.50, 55.68, 73.60, 76.15, 76.28, 64.91, 51.66] | 2 | 180
[46.85, 51.66, 64.91, 76.28, 76.15, 73.60, 55.68, 47.50] | 2 | 180
[46.34, 53.73, 74.60, 77.93, 78.08, 66.84, 51.64, 46.33] | 2 | 180
[49.03, 56.58, 79.93, 80.45, 79.93, 56.58, 49.03, 48.16] | 2 | 180
[51.64, 66.84, 78.08, 77.93, 74.60, 53.73, 46.34, 46.33] | 2 | 180
[55.68, 73.60, 76.15, 76.28, 64.91, 51.66, 46.85, 47.50] | 2 | 180
[64.91, 76.28, 76.15, 73.60, 55.68, 47.50, 46.85, 51.66] | 2 | 180
[74.60, 77.93, 78.08, 66.84, 51.64, 46.33, 46.34, 53.73] | 2 | 180
[79.93, 80.45, 79.93, 56.58, 49.03, 48.16, 49.03, 56.58] | 2 | 180
[78.08, 77.93, 74.60, 53.73, 46.34, 46.33, 51.64, 66.84] | 2 | 180
[76.15, 76.28, 64.91, 51.66, 46.85, 47.50, 55.68, 73.60] | 2 | 180
[76.15, 73.60, 55.68, 47.50, 46.85, 51.66, 64.91, 76.28] | 2 | 180
[78.08, 66.84, 51.64, 46.33, 46.34, 53.73, 74.60, 77.93] | 2 | 180
[79.93, 56.58, 49.03, 48.16, 49.03, 56.58, 79.93, 80.45] | 2 | 180
[74.60, 53.73, 46.34, 46.33, 51.64, 66.84, 78.08, 77.93] | 2 | 180
[64.91, 51.66, 46.85, 47.50, 55.68, 73.60, 76.15, 76.28] | 2 | 180
[55.68, 47.50, 46.85, 51.66, 64.91, 76.28, 76.15, 73.60] | 2 | 180
[51.64, 46.33, 46.34, 53.73, 74.60, 77.93, 78.08, 66.84] | 2 | 180
[49.03, 48.16, 49.03, 56.58, 79.93, 80.45, 79.93, 56.58] | 2 | 180
